1.159
1.155
1.153
1.155
1.154
1.154
1.154
1.154
1.154
1.153
1.153
1.153
1.154
1.154
1.154
1.157
1.157
1.154
1.156
1.154
1.155
1.155
1.154
1.155
1.154
1.153
1.154
1.156
1.155
1.154
1.155
1.155
1.154
1.154
1.154
1.154
1.154
1.154
1.153
1.153
1.154
1.154
1.154
1.154
1.155
1.154
1.155
1.154
1.154
1.154
1.154
1.155
1.154
1.156
1.154
1.154
1.154
1.154
1.154
1.154
1.152
1.154
1.154
1.155
1.155
1.154
1.155
1.155
1.154
1.154
1.154
1.154
1.155
1.155
1.155
1.155
1.155
1.154
1.155
1.153
1.154
1.155
1.154
1.154
1.154
1.154
1.154
1.154
1.155
1.154
1.153
1.156
1.155
1.154
1.154
1.155
1.157
1.153
1.155
1.153
